36
!	%	&	'	(	)	*	+	,	-	.	/	0	1	2	3	4	5	6	7	8	9	:	;	<	=	>	?	@	A	B	C	D	E	F	G
150
36
!	%	&	'	(	)	*	+	,	-	.	/	0	1	2	3	4	5	6	7	8	9	:	;	<	=	>	?	@	A	B	C	D	E	F	G
197	208	265	339	416	529	642	777	983	1208	1560	1961	2408	3147	3757	4594	5669	6893	8395	9812	11827	13740	16063	18794	21569	24601	28606	32920	38027	43790	52449	61370	76513	114000	245291	260120
260120
197	11	57	74	77	113	113	135	206	225	352	401	447	739	610	837	1075	1224	1502	1417	2015	1913	2323	2731	2775	3032	4005	4314	5107	5763	8659	8921	15143	37487	131291	14829
1	18	63	87	105	136	158	222	329	299	412	493	553	910	691	1018	1167	1338	1659	1543	2123	2158	2411	2857	2886	3133	4215	4510	5289	6038	8931	9114	15695	38145	126286	15128
183	14	54	79	100	133	155	197	271	289	446	508	533	830	682	1001	1134	1325	1679	1461	2208	2073	2388	2895	2894	3096	4116	4472	5249	5992	8701	9137	15354	37938	127396	15137
1	13	60	77	106	140	157	229	317	283	398	492	523	785	704	954	1116	1310	1589	1488	2114	2043	2334	2890	2835	3159	4093	4392	5165	5822	8639	9135	15706	37788	127929	15335
1	15	66	97	106	149	169	208	260	294	471	501	523	838	702	983	1108	1300	1735	1464	2200	2100	2291	2809	2860	3078	4141	4331	5194	5969	8539	9218	15516	37996	127727	15162
1	14	61	85	102	139	157	208	282	305	437	470	543	855	668	969	1151	1334	1584	1517	2196	2113	2418	2825	2932	3087	4115	4449	5291	5933	8603	8897	15665	37732	127799	15184
1	13	73	104	106	129	159	253	278	293	460	518	539	890	674	1066	1153	1299	1610	1536	2201	2014	2404	2943	2827	3197	4272	4489	5183	5915	8642	9049	15257	37687	127469	15418
3	22	80	92	133	166	196	249	317	311	484	536	530	865	687	1073	1201	1415	1623	1569	2216	2000	2430	2796	2979	3069	4179	4509	5306	6057	8780	9144	15494	37849	126518	15242
1	17	69	88	113	155	169	222	288	333	459	528	585	865	707	952	1122	1309	1636	1494	2135	2076	2423	2892	2827	3128	4214	4468	5084	5997	8578	9219	15461	37937	127206	15364
3	13	75	113	128	172	197	266	304	334	502	535	556	823	719	963	1170	1273	1695	1492	2131	2072	2333	2816	2867	2998	4055	4453	5269	5814	8402	9232	15620	38059	126793	15873
1	10	67	76	83	114	130	217	290	271	412	517	451	874	665	938	1087	1289	1531	1442	2082	1952	2467	2895	2836	2978	3918	4175	5157	5607	8604	8761	14962	37828	130934	14500
1	18	58	61	90	133	144	212	265	276	440	517	535	839	651	888	1096	1234	1600	1428	2152	1921	2298	2829	2725	3001	3993	4353	5080	5651	8332	8821	15094	37919	131043	14423
29	17	56	96	107	141	181	218	279	286	454	509	542	788	733	969	1119	1294	1504	1420	2207	2030	2339	2817	2799	3056	4006	4247	5089	5803	8353	8862	15295	37903	129656	14916
1	12	49	70	91	114	144	191	282	293	438	473	538	847	647	951	1106	1233	1606	1450	2110	1870	2424	2769	2782	3046	4130	4420	5115	5794	8382	8873	15251	38044	130152	14423
1	18	67	70	92	123	128	221	271	284	450	483	526	827	729	906	1064	1309	1649	1391	2073	2099	2272	2801	2799	3047	4036	4389	5157	5847	8513	8952	15336	37944	129105	15141
1	10	75	87	118	139	153	226	311	313	439	477	494	787	666	952	1090	1276	1654	1477	2058	1982	2445	2841	2796	3059	4049	4332	4982	5717	8438	8855	15041	37785	130296	14700
36	32	89	126	135	194	187	284	356	335	453	548	563	924	704	966	1249	1325	1759	1481	2209	2009	2440	2864	2842	3048	3976	4352	5019	5759	8620	9063	15090	38110	127833	15140
7	21	53	101	89	135	144	238	275	279	418	495	542	879	660	945	1075	1283	1574	1398	2151	1994	2249	2852	2959	2963	3992	4506	5106	5786	8536	8968	15103	37998	129190	15156
2	19	68	92	108	166	143	223	284	293	462	521	533	909	670	902	1110	1200	1562	1511	2142	2013	2299	2785	2691	3030	4009	4388	5128	5722	8423	9091	15197	38346	128638	15440
1	16	75	106	114	142	163	226	283	287	445	512	560	863	723	972	1136	1263	1678	1492	2116	2121	2341	2776	2792	2977	4159	4325	5156	5788	8490	8879	15266	37969	128315	15594
1	23	97	112	125	157	172	222	291	303	458	478	520	842	634	989	1134	1232	1574	1407	2049	1960	2353	2741	2789	3019	4084	4287	4928	5774	8187	8899	15175	37955	129137	16013
1	15	96	95	119	159	158	245	310	291	461	526	555	789	682	955	1091	1266	1557	1391	2094	2016	2288	2837	2787	2927	3990	4234	5046	5807	8508	8733	15208	37880	129572	15432
1	15	64	96	112	134	165	240	289	315	462	547	530	789	758	906	1177	1335	1627	1473	2150	2014	2277	2760	2784	3096	4010	4314	5187	5905	8519	9128	15341	37740	127813	16048
1	27	77	107	121	139	186	250	296	321	453	483	528	892	692	938	1131	1257	1617	1414	2115	1989	2364	2865	2807	3134	4012	4229	5115	5725	8443	8816	15167	37818	128735	15857
1	17	73	105	100	150	171	234	291	290	431	496	516	850	751	981	1116	1315	1573	1422	2123	2018	2311	2805	2774	3052	3889	4333	5086	5962	8410	9047	15216	38034	128128	16050
2	14	84	100	105	150	177	249	289	299	459	485	547	820	740	1045	1140	1231	1565	1459	2172	1949	2294	2818	2819	3061	3977	4359	5186	5806	8498	9193	15182	37899	127655	16292
1	27	97	118	140	169	201	278	306	308	475	515	561	832	733	993	1169	1316	1557	1469	2133	2131	2416	2788	2774	3044	4041	4437	5180	5973	8542	9172	15586	38306	125445	16887
5	23	71	111	113	159	173	235	318	329	469	564	536	923	683	969	1225	1330	1638	1529	2198	2039	2379	2847	2892	3093	3971	4393	5187	5990	8398	9149	15141	38111	126582	16347
1	13	72	99	126	166	148	266	323	339	470	493	550	879	711	1002	1074	1224	1608	1421	2187	2014	2363	2703	2884	2990	4044	4341	5148	5869	8506	9071	15264	38142	127149	16461
1	31	81	119	125	143	197	251	308	297	426	521	540	801	722	990	1166	1325	1640	1506	2123	2018	2387	2794	2892	3059	3955	4431	5233	5820	8620	9033	15409	37938	126659	16560
2	20	78	129	135	173	186	257	323	306	473	540	498	851	752	1014	1209	1289	1607	1460	2179	2094	2305	2891	2846	3170	4033	4483	5179	5894	8449	9219	15449	38079	125766	16782
2	27	103	110	149	175	209	291	331	328	499	547	523	936	737	1028	1241	1253	1649	1520	2184	2088	2423	2819	2951	3135	4163	4461	5332	5878	8411	9329	15386	38098	125243	16561
1	22	77	98	113	162	183	261	330	307	452	552	568	814	701	948	1163	1229	1626	1434	2043	2050	2338	2775	2878	3102	4032	4515	5118	5783	8430	8971	15325	38189	127099	16432
1	18	89	123	149	170	179	219	324	327	438	520	538	845	739	977	1152	1324	1556	1488	2114	1989	2349	2750	2655	3087	4005	4330	5223	5905	8378	9104	15207	38066	127201	16582
1	27	106	115	141	168	169	269	324	328	491	526	607	856	762	991	1199	1320	1629	1564	2183	2109	2448	2725	2842	3110	4081	4343	5233	5820	8392	9143	15246	38168	125581	17104
1	26	103	125	146	160	238	249	363	350	498	554	570	824	726	956	1195	1291	1665	1481	2104	2162	2376	2889	2971	3245	3993	4483	5253	5833	8395	9134	15495	38183	125259	16825
2	33	88	122	145	179	200	249	316	349	461	518	564	931	683	997	1233	1327	1587	1505	2174	2038	2337	2801	2835	3198	3976	4365	5194	5858	8400	9209	15531	38103	125909	16703
1	24	87	110	131	174	187	259	332	317	472	558	559	848	738	945	1143	1314	1563	1468	2135	1995	2415	2739	2842	3134	4073	4336	5338	5802	8517	9158	15569	38120	125311	17407
1	28	95	122	126	151	212	220	314	340	489	538	558	854	716	974	1123	1301	1562	1501	2074	2036	2317	2743	2836	3030	3954	4296	5173	5747	8287	9096	15402	38075	126443	17387
1	20	91	112	120	143	184	261	351	326	453	541	552	914	766	903	1122	1272	1559	1448	2052	2095	2352	2857	2766	3059	3893	4324	5223	6001	8227	9203	15406	38052	125649	17822
7	30	103	122	138	177	188	277	318	341	466	528	535	848	732	971	1192	1209	1557	1510	2140	2008	2308	2788	2863	2901	4055	4370	5189	5846	8113	9169	15485	38111	125901	17624
415	22	108	118	127	177	184	252	357	343	503	583	607	897	753	1061	1235	1281	1655	1470	2182	2061	2431	2796	2836	3079	4091	4352	5256	5704	8394	9232	15662	37856	125048	16992
2	25	89	115	165	176	204	231	351	351	451	555	555	888	735	1044	1212	1366	1672	1536	2151	2055	2323	2804	2870	3049	4069	4318	5084	5962	8323	8878	15145	37975	125923	17468
3	24	118	144	127	183	188	254	358	321	469	521	583	849	751	1040	1157	1281	1635	1503	2061	2121	2363	2792	2795	3110	4031	4276	5017	6044	8251	9197	15448	37916	125587	17602
1	36	111	150	143	192	208	281	330	365	476	557	558	872	718	1011	1209	1344	1637	1503	2148	1970	2366	2854	2752	3111	4019	4204	5133	5872	8454	9169	15432	38355	124889	17691
2	26	93	144	152	194	217	273	340	314	459	539	549	880	783	973	1192	1257	1604	1498	2089	2067	2377	2860	2786	3110	4012	4469	5191	5866	8465	9163	15596	38401	124698	17481
1	40	101	134	135	180	182	276	332	341	463	568	552	862	731	983	1197	1286	1696	1538	2128	2083	2317	2728	2786	3049	4054	4218	5205	5825	8302	9287	15582	37949	125238	17771
176	33	129	162	169	183	231	306	355	352	507	593	601	921	750	1085	1264	1345	1729	1534	2069	2061	2355	2674	2788	3134	4058	4248	5099	5718	8297	9277	15349	38323	124255	17990
1	28	97	141	159	168	214	251	386	325	456	559	542	874	763	975	1198	1301	1632	1442	2059	2027	2222	2767	2857	2961	3940	4322	5059	5992	8284	9161	15691	38446	124820	18001
1	25	93	128	150	184	204	238	350	356	496	550	594	849	758	1000	1141	1258	1607	1467	2191	2052	2328	2645	2803	3052	3937	4289	5143	5830	8366	9283	15561	37980	124980	18232
1	39	116	131	155	199	232	248	327	341	469	577	599	855	757	990	1193	1257	1573	1474	2059	2041	2301	2718	2842	3100	3959	4267	5107	5888	8354	9123	15680	38260	124475	18414
1	22	97	137	160	155	232	270	334	352	477	528	544	842	759	953	1097	1229	1602	1466	2054	2109	2278	2822	2757	3094	3900	4194	5219	5921	8270	9264	15626	38170	124609	18577
1	32	113	137	153	177	231	265	328	328	514	570	601	833	728	989	1211	1305	1594	1497	2060	2056	2374	2662	2853	3014	3957	4337	5226	5998	8289	9484	15471	38117	123907	18709
1	35	123	135	150	179	238	276	345	358	463	618	586	874	753	1042	1157	1271	1621	1472	2137	1957	2295	2756	2843	3051	3921	4240	5274	5942	8256	9250	15541	38348	124205	18407
205	31	125	143	177	232	241	295	385	346	528	564	616	830	749	1005	1276	1325	1640	1501	2036	2144	2304	2669	2757	3098	4051	4321	5073	6010	8377	9332	15289	38317	123176	18952
1	44	136	153	174	219	195	300	355	368	478	583	583	907	751	1012	1219	1289	1525	1532	2059	2060	2339	2809	2769	3112	3977	4202	5216	5971	8508	9283	15602	38227	123037	19126
1	42	125	155	142	216	240	283	382	356	531	578	559	861	780	1004	1197	1219	1594	1533	2086	2129	2293	2800	2822	3123	4019	4367	5102	6014	8107	9292	15556	38264	123589	18760
1	28	116	151	172	178	187	318	362	396	493	551	630	913	687	1023	1248	1322	1612	1542	2066	2110	2286	2795	2917	3189	3993	4229	5200	5985	8345	9518	15542	38303	122757	18956
1	51	141	160	207	223	231	289	388	372	520	626	601	903	788	1047	1247	1273	1617	1523	2127	2089	2321	2810	2894	3061	4134	4308	5187	6041	8363	9492	15414	38158	122816	18697
1	44	118	141	151	220	219	302	362	358	483	562	572	883	814	1046	1150	1299	1694	1467	2131	2023	2364	2774	2834	3113	4115	4304	5220	5949	8363	9318	15773	38275	122738	18941
1	47	164	163	220	228	237	288	391	386	506	573	583	927	799	1065	1188	1276	1662	1548	2128	2134	2326	2813	2830	3071	4019	4232	5204	6062	8223	9477	15810	38150	121904	19486
1	50	166	193	201	247	302	331	419	392	558	625	672	936	842	1047	1251	1366	1696	1591	2221	2054	2386	2807	2886	3265	4019	4384	5118	6047	8350	9382	15741	38069	121420	19086
1	39	153	191	196	225	246	328	453	396	546	651	647	964	820	1079	1183	1372	1763	1524	2122	2161	2402	2805	2861	3234	4031	4318	5264	5992	8461	9399	16000	38244	121254	18796
1	34	166	148	206	217	265	314	412	408	533	633	643	924	778	1086	1276	1332	1614	1525	2094	2087	2339	2825	2895	3105	4070	4332	5192	6061	8419	9502	15662	38414	121531	19078
4	47	176	204	204	241	269	323	433	430	542	626	618	931	832	1101	1245	1324	1683	1523	2130	2129	2320	2831	2846	3252	4142	4415	5274	6061	8500	9474	15842	38097	121100	18951
1	37	166	179	202	245	271	358	425	386	548	587	633	923	814	1159	1215	1316	1782	1551	2031	2126	2412	2806	2963	3145	3964	4313	5141	6062	8334	9681	16001	38006	120550	19788
1	54	193	189	217	241	260	351	424	414	577	591	624	983	900	1222	1258	1298	1701	1579	2169	2132	2374	2808	2997	3215	4122	4589	5276	6102	8356	9694	15766	38530	119485	19428
5	63	179	167	233	249	269	346	457	419	539	662	664	961	857	1135	1273	1351	1692	1538	2145	2159	2405	2829	2918	3182	4111	4468	5379	6047	8418	9677	15914	38102	119908	19399
23	78	202	190	236	259	306	348	460	419	582	652	673	975	845	1145	1286	1379	1693	1636	2189	2045	2452	2865	2904	3078	4021	4551	5260	6031	8288	9528	15916	37951	120005	19649
6	48	172	219	276	257	289	393	417	454	589	677	706	1002	869	1198	1263	1419	1741	1600	2213	2163	2465	2947	2984	3272	4118	4471	5322	6142	8448	9500	15865	38108	118864	19643
1	45	184	210	237	264	314	349	438	474	577	651	686	1003	894	1154	1377	1356	1580	1623	2164	2161	2412	2903	2950	3300	4136	4438	5221	6200	8548	9848	15895	38025	119028	19474
2	81	279	255	312	328	369	449	536	488	614	765	718	1010	934	1254	1371	1453	1875	1559	2218	2221	2504	2984	2958	3190	4182	4450	5324	6243	8472	9721	15961	37868	117744	19428
1	56	199	212	240	270	309	365	430	451	631	688	653	942	914	1176	1297	1391	1674	1627	2260	2168	2430	2835	2968	3251	4195	4533	5325	6137	8566	9861	15883	37891	118776	19515
1	59	206	220	240	230	273	377	458	420	537	681	696	927	835	1136	1245	1384	1744	1583	2110	2136	2445	2919	2978	3379	4113	4433	5440	6231	8411	9649	16050	37842	118639	20093
1	60	197	230	204	261	290	358	450	436	567	689	740	976	838	1167	1271	1369	1697	1619	2123	2072	2470	2885	2969	3153	4149	4417	5369	6227	8615	9759	15967	38129	118511	19886
1	67	246	263	297	311	348	427	512	490	569	738	731	1052	927	1176	1426	1362	1732	1647	2226	2368	2466	2935	2972	3258	4210	4340	5386	6314	8523	9839	16167	37755	117236	19804
1	48	204	227	243	285	326	365	454	474	640	694	743	991	856	1105	1381	1362	1707	1665	2250	2264	2391	2886	2913	3235	4138	4490	5490	6244	8417	9840	15930	37936	117763	20163
1	60	192	256	258	306	287	349	448	423	545	696	718	933	876	1191	1267	1397	1714	1591	2147	2234	2449	2885	2982	3298	4107	4492	5416	6378	8392	9774	16172	37895	117556	20436
43	64	227	273	238	315	350	419	465	421	647	682	745	1089	893	1172	1307	1466	1743	1633	2246	2215	2387	2890	3004	3323	4220	4517	5548	6288	8489	9822	16037	38159	116802	19981
10	80	306	318	343	393	392	473	578	550	713	806	826	1138	966	1356	1445	1468	1914	1781	2289	2349	2514	2910	2964	3410	4368	4650	5536	6414	8579	9972	16234	37490	114885	19700
1	73	279	293	305	342	352	429	523	494	655	720	781	1017	889	1259	1397	1412	1845	1637	2270	2268	2515	3010	3015	3315	4241	4574	5271	6390	8593	9944	16197	37591	116162	20061
1	62	227	249	284	318	311	421	476	492	630	671	696	1036	881	1158	1292	1354	1773	1611	2266	2198	2402	2889	3003	3241	4077	4447	5446	6190	8475	9897	16247	37988	117183	20228
1	65	211	214	249	291	316	393	529	490	610	630	673	1002	894	1170	1367	1404	1729	1624	2150	2288	2433	2790	3005	3273	4145	4499	5571	6383	8425	9712	16259	38134	116750	20441
1	77	213	257	270	314	350	408	461	470	642	712	800	1009	901	1177	1313	1370	1741	1692	2179	2288	2423	2915	3062	3390	4221	4598	5500	6259	8648	10068	16024	38085	115759	20523
1	83	240	282	308	339	360	469	539	505	724	768	752	1065	977	1299	1368	1418	1802	1745	2264	2257	2532	2906	3145	3393	4306	4536	5527	6224	8609	9957	16249	37797	115175	20199
1	70	274	277	309	321	356	419	544	481	643	749	760	1067	954	1261	1406	1467	1899	1653	2295	2236	2487	3025	2991	3314	4301	4452	5543	6439	8682	9999	16191	37950	114659	20646
4	60	281	314	292	355	399	457	507	494	654	736	775	1082	942	1244	1371	1409	1827	1620	2342	2382	2522	2899	3109	3350	4336	4523	5525	6429	8663	9880	16295	37991	114620	20431
1	70	268	268	325	337	352	435	496	482	606	727	772	948	870	1186	1362	1430	1812	1711	2229	2265	2420	2848	3085	3334	4243	4480	5526	6381	8665	10033	16114	38290	115083	20666
1	69	254	287	292	329	340	435	514	477	646	697	798	1067	929	1180	1309	1453	1834	1716	2298	2283	2507	2904	3053	3349	4200	4554	5574	6490	8551	10076	16357	37887	114587	20824
4	77	288	304	335	364	385	459	525	532	662	758	786	1062	935	1211	1339	1485	1908	1729	2353	2296	2563	3009	3106	3409	4416	4634	5560	6394	8739	10024	16339	37876	113738	20516
1	76	283	350	377	387	394	439	535	563	658	773	810	1123	983	1294	1475	1512	1867	1773	2332	2313	2555	3095	3184	3396	4414	4581	5511	6343	8639	10028	16504	37725	113358	20469
1	70	302	341	394	391	372	491	587	572	737	815	797	1047	1058	1305	1465	1502	1787	1725	2329	2274	2600	3016	3160	3422	4311	4778	5563	6590	8696	10351	16496	37546	113175	20055
2	111	327	394	346	390	424	453	606	603	683	871	806	1148	924	1301	1466	1495	1876	1811	2349	2339	2448	3079	3147	3504	4331	4604	5635	6570	8851	10079	16829	37600	112192	20526
195	90	319	382	376	385	447	465	612	576	687	854	814	1101	1040	1322	1420	1580	1861	1711	2428	2434	2611	3030	3182	3453	4339	4573	5656	6449	8702	10329	16308	37783	112269	20337
1	87	319	325	399	421	404	477	551	576	715	894	887	1084	985	1324	1476	1531	1866	1795	2326	2265	2545	2935	3175	3439	4379	4713	5671	6639	8631	10239	16522	38069	111904	20551
5	104	352	391	400	421	414	451	573	563	714	841	902	1093	997	1293	1393	1481	1858	1810	2380	2446	2549	3016	3183	3387	4349	4685	5667	6670	8823	10095	16549	37705	111960	20600
1	110	345	407	398	438	449	534	681	568	768	853	867	1205	1013	1314	1467	1553	1943	1843	2343	2451	2576	3142	3171	3531	4445	4658	5710	6556	8717	10377	16859	37449	110854	20525
1	79	357	396	385	421	449	499	632	583	765	823	845	1136	939	1385	1506	1551	1873	1754	2379	2428	2617	3018	3226	3537	4503	4698	5781	6567	8748	10213	16478	37706	111081	20762
9	105	324	416	398	473	421	525	649	581	794	823	847	1171	1003	1366	1502	1530	1888	1843	2396	2471	2731	3081	3188	3339	4412	4540	5700	6835	8658	10256	16411	38046	110744	20644
1	108	388	429	409	460	451	514	621	591	763	861	877	1164	995	1314	1523	1526	2009	1836	2417	2488	2604	3068	3264	3582	4356	4641	5791	6670	8848	10352	16804	37651	110505	20240
1	117	377	460	455	479	490	518	701	639	782	888	883	1184	1036	1382	1538	1502	1892	1746	2425	2417	2662	3170	3214	3492	4428	4640	5548	6873	8959	10435	16653	37483	110163	20489
2	102	388	431	381	471	458	519	605	580	755	842	915	1195	1066	1363	1507	1513	1922	1781	2386	2423	2636	3104	3198	3546	4398	4786	5731	6588	8972	10345	16768	37330	110457	20656
1	105	374	432	433	438	462	555	677	639	723	892	859	1140	1047	1418	1486	1528	1944	1941	2430	2512	2553	3086	3240	3484	4450	4676	5679	6577	8831	10457	16552	37455	110282	20763
1	157	479	493	491	547	552	617	738	716	903	999	968	1277	1132	1582	1581	1594	2078	1915	2503	2550	2710	3258	3313	3712	4592	4702	5822	6714	9000	10549	16592	37072	107930	20281
184	108	364	429	430	512	520	566	700	648	843	897	879	1252	1097	1433	1509	1582	1984	1893	2445	2418	2709	3193	3333	3504	4473	4660	5801	6688	9076	10366	16411	37372	109116	20725
2	120	420	492	437	484	469	565	666	639	756	924	896	1265	1038	1428	1559	1583	1996	1895	2418	2549	2612	3147	3331	3626	4560	4929	5782	6829	8850	10294	16883	37587	108722	20367
2	138	445	489	468	515	550	613	701	651	795	926	957	1293	1096	1424	1522	1573	2020	1925	2358	2513	2696	3073	3311	3548	4355	4606	5763	6948	8899	10482	16785	37346	108606	20728
4	131	490	479	473	602	559	623	744	670	798	1019	930	1279	1151	1485	1614	1664	2092	1885	2601	2645	2749	3219	3387	3766	4536	4805	5877	6841	8895	10682	16948	37334	107232	19911
1	113	468	519	473	503	556	576	754	711	891	908	968	1300	1099	1421	1612	1567	1894	1914	2450	2562	2702	3074	3310	3665	4558	4715	5848	6883	8998	10443	16766	37519	107532	20847
1	112	452	463	509	467	493	613	656	636	831	917	946	1291	1107	1469	1534	1639	1950	1815	2403	2544	2801	3210	3287	3593	4498	4853	5844	6773	8824	10380	16688	37154	108401	20966
1	141	507	483	494	557	582	661	676	683	891	924	988	1240	1127	1471	1613	1585	2033	1997	2447	2590	2767	3209	3274	3700	4524	4848	5908	6845	8951	10466	16938	37257	107361	20382
1	115	512	486	498	534	535	594	720	718	845	962	976	1313	1057	1425	1599	1719	2037	1960	2454	2613	2783	3191	3296	3682	4500	4776	5855	6910	8888	10716	16744	37285	107167	20655
2	133	560	597	536	631	613	695	812	737	954	1028	1038	1368	1163	1530	1618	1625	2060	1970	2529	2629	2768	3326	3365	3720	4676	4868	5873	7037	9113	10692	16949	36869	105674	20362
3	146	574	571	539	618	587	632	796	690	899	995	1008	1276	1205	1551	1645	1690	2019	1982	2510	2594	2755	3237	3506	3806	4677	4984	5886	6996	8981	10740	17092	37170	105337	20423
1	136	582	597	556	567	594	666	793	747	906	971	1004	1357	1169	1570	1756	1746	2111	2024	2572	2515	2745	3253	3423	3775	4575	5027	6086	6923	9026	10765	16800	37136	105421	20225
1	131	540	587	576	604	600	681	828	750	895	987	1035	1422	1194	1479	1666	1732	2070	1995	2682	2616	2776	3398	3494	3669	4589	4996	6023	6926	9060	10834	16932	37143	104975	20234
10	200	596	653	635	669	657	752	875	774	994	1079	1024	1411	1217	1711	1688	1745	2163	2057	2709	2657	2863	3377	3537	3735	4738	5039	6022	6981	9092	10973	17068	36935	103369	20115
1	144	591	604	606	645	639	703	838	726	992	1049	1035	1396	1208	1693	1669	1761	2076	2061	2670	2645	2851	3403	3477	3844	4739	5071	6039	7100	9145	10762	16914	36692	103997	20335
1	153	567	578	590	644	625	708	800	748	929	1038	1049	1365	1176	1524	1683	1668	2102	2100	2582	2765	2929	3278	3391	3801	4667	5082	6039	7026	9245	10761	17052	36890	104029	20535
8	148	665	659	615	671	665	749	874	832	973	1064	1107	1471	1230	1549	1761	1680	2202	2040	2646	2684	2756	3430	3383	3860	4730	5053	6015	7211	9190	10988	17346	36946	102691	20228
1	167	597	632	602	634	648	702	852	753	961	1140	1113	1372	1204	1549	1645	1827	2175	2150	2617	2742	2835	3239	3368	3777	4712	5135	6014	7140	9280	10986	16962	36631	103415	20543
1	171	605	673	619	630	602	738	842	725	981	1070	964	1327	1279	1650	1705	1759	2199	2009	2549	2633	2718	3358	3445	3784	4712	5025	6049	7109	9084	10916	17051	36824	103946	20369
3	177	637	648	662	630	652	778	885	820	1021	1113	1063	1346	1281	1518	1708	1751	2216	2065	2682	2650	2776	3282	3463	3845	4762	5049	6061	7212	9162	10838	17054	36898	103008	20404
3	173	688	688	672	694	710	755	899	789	1027	1087	1095	1429	1254	1594	1773	1802	2157	2177	2683	2675	2863	3377	3503	3935	4735	5081	6104	7234	9132	10986	17136	36542	102328	20340
1	175	685	674	700	734	689	795	916	803	1010	1212	1097	1532	1278	1589	1797	1783	2253	2054	2663	2733	2852	3467	3533	3849	4797	4999	6154	7172	9132	10876	17281	36691	102062	20083
2	173	700	727	673	699	642	770	917	837	955	1203	1203	1499	1254	1655	1743	1788	2227	2109	2616	2776	2875	3344	3503	3902	4698	5074	6191	7158	9285	11055	17127	36599	102050	20091
1	204	777	814	757	796	720	807	940	836	1046	1185	1104	1538	1384	1738	1850	1859	2281	2214	2747	2812	2920	3460	3616	3979	4823	5103	6193	7260	9281	10867	17040	36381	100776	20011
3	231	782	897	822	823	757	841	1046	933	1114	1209	1237	1534	1405	1748	1922	1911	2346	2294	2838	2847	3088	3455	3672	3842	4871	5275	6100	7367	9303	10916	17244	36239	99410	19798
1	196	754	793	812	837	739	861	983	944	1082	1224	1233	1519	1315	1729	1818	1770	2429	2208	2834	2827	2981	3597	3562	4064	4851	5053	6289	7383	9127	11052	17005	36273	100105	19870
4	170	702	745	737	725	741	802	899	825	1065	1164	1058	1423	1254	1656	1746	1906	2177	2126	2664	2833	2923	3402	3629	3854	4795	4953	6032	7103	9145	11051	17162	36856	101413	20380
2	173	686	731	707	732	743	774	951	900	990	1178	1115	1538	1313	1655	1788	1793	2225	2040	2687	2868	2918	3523	3566	3815	4750	5126	6165	7229	9220	11043	17261	36446	100813	20656
4	201	798	836	790	813	786	896	965	915	1132	1269	1161	1567	1306	1733	1853	1897	2309	2209	2747	2810	3057	3483	3689	4083	4980	5292	6267	7439	9309	11082	17231	35960	99334	19917
6	264	898	938	894	907	906	925	1077	960	1191	1372	1259	1639	1452	1854	1973	1998	2505	2331	2804	3001	3075	3722	3761	4062	5094	5317	6461	7563	9367	11128	17193	36152	96504	19567
3	225	947	922	933	951	868	976	1093	983	1205	1296	1299	1728	1418	1939	2010	1948	2386	2304	2896	2946	3132	3622	3847	4143	4956	5200	6422	7489	9437	11257	16992	35913	97185	19249
3	254	866	952	890	922	864	1010	1082	1043	1186	1261	1252	1700	1429	1735	1967	2038	2299	2393	2784	2935	3082	3657	3835	4156	5066	5425	6263	7412	9288	11114	17305	35862	97264	19526
6	235	941	942	922	923	827	957	1058	938	1155	1317	1356	1614	1504	1908	1937	2005	2325	2288	2869	3050	3158	3566	3800	4033	5045	5519	6450	7470	9301	11293	17195	35850	97004	19359
6	282	1006	1058	978	936	942	997	1152	1004	1264	1384	1362	1683	1475	1921	2004	1989	2509	2370	2964	2962	3080	3606	3841	3999	5055	5295	6441	7404	9484	11466	17161	35889	95908	19243
6	243	936	1046	853	929	921	972	1125	1067	1197	1319	1359	1683	1470	1932	1907	2001	2434	2430	2949	3088	3230	3645	3787	4143	5103	5431	6386	7414	9350	11320	17206	35735	96399	19104
3	263	927	998	931	985	947	1005	1144	1033	1244	1340	1297	1663	1436	1862	2008	1983	2454	2321	2975	3059	3064	3661	3798	4152	5098	5352	6443	7569	9523	11234	16981	35816	96229	19322
4	251	1021	998	943	966	923	997	1169	1071	1243	1464	1330	1690	1501	1873	2038	2074	2509	2345	2859	3016	3108	3639	3785	4032	4999	5414	6503	7440	9480	11105	17075	35736	96205	19314
23	299	1119	1122	1151	1063	1054	1121	1262	1087	1448	1436	1371	1843	1525	2029	2086	2130	2629	2404	3028	3139	3216	3801	3884	4148	5282	5555	6634	7561	9596	11292	17046	35325	93694	18717
7	276	1142	1124	1056	1082	968	1136	1287	1119	1382	1472	1462	1850	1599	2130	2113	2107	2595	2498	3072	3253	3184	3933	3986	4223	5190	5569	6561	7574	9476	11302	17329	35290	92972	18801
6	304	1132	1167	1081	1106	979	1121	1245	1188	1323	1567	1469	1838	1554	2071	2174	2140	2596	2447	3028	3163	3210	3825	4013	4294	5288	5468	6610	7683	9686	11447	17363	35090	93079	18365
12	332	1164	1189	1135	1128	1059	1166	1324	1188	1373	1484	1517	1788	1586	2056	2313	2014	2648	2461	3054	3263	3368	3939	4030	4269	5236	5614	6492	7700	9542	11336	17665	34877	92354	18444
12	366	1252	1234	1253	1146	1067	1183	1263	1165	1426	1481	1571	1881	1688	2069	2183	2106	2573	2463	3075	3218	3255	3737	3995	4303	5383	5543	6700	7682	9675	11374	17282	34912	92185	18419
17	305	1272	1288	1130	1159	1139	1214	1373	1156	1432	1591	1468	1967	1683	2074	2224	2216	2664	2451	3187	3241	3451	3963	3949	4332	5301	5621	6755	7667	9715	11520	17351	34549	91606	18089
232	381	1260	1353	1179	1165	1068	1240	1377	1218	1448	1529	1546	1920	1648	2195	2155	2103	2691	2616	3183	3268	3374	3942	4007	4335	5442	5702	6641	7597	9546	11201	17345	35079	91017	18117
14	360	1294	1364	1232	1170	1120	1248	1396	1250	1491	1611	1603	1969	1669	2182	2249	2272	2734	2655	3187	3350	3415	3839	4095	4454	5313	5639	6571	7808	9669	11477	17371	34698	90457	17894
10	360	1381	1357	1286	1249	1165	1319	1421	1284	1437	1647	1509	1996	1645	2229	2343	2169	2717	2515	3241	3285	3359	3950	3942	4354	5383	5677	6576	7761	9707	11544	17191	34856	90132	18123
5	339	1482	1632	1515	1439	1378	1487	1613	1557	1759	1827	1834	2256	1958	2412	2504	2482	3001	2921	3498	3710	3648	4367	4592	4772	5735	6166	7159	8292	10146	11810	17194	33364	83681	16585
