38
#	&	'	(	)	*	+	,	-	.	/	0	1	2	3	4	5	6	7	8	9	:	;	<	=	>	?	@	A	B	C	D	E	F	G	H	I	J
101
38
#	&	'	(	)	*	+	,	-	.	/	0	1	2	3	4	5	6	7	8	9	:	;	<	=	>	?	@	A	B	C	D	E	F	G	H	I	J
58	59	60	61	62	63	1121	1122	1123	1124	1125	1126	2880	2881	2882	2906	2907	2908	3167	4513	4514	6673	10208	15455	18780	18781	37200	162215	162216	191857	401996	401997	401998	401999	402000	402001	402002	402003
402003
58	1	1	1	1	1	1058	1	1	1	1	1	1754	1	1	24	1	1	259	1346	1	2159	3535	5247	3325	1	18419	125015	1	29641	210139	1	1	1	1	1	1	1
26	1	1	1	1	1	608	1	1	1	1	1	1444	1	1	59	1	1	238	852	1	1309	2617	4154	2906	1	16133	107070	1	19573	244990	1	1	1	1	1	1	1
5	1	1	1	1	1	1162	1	1	1	1	1	1831	1	1	56	1	1	389	931	1	1233	2600	4764	2507	1	14948	102101	1	15816	253636	1	1	1	1	1	1	1
569	1	1	1	1	1	662	1	1	1	1	1	372	1	1	1112	1	1	267	1	1	757	1143	82	2169	38	3077	62	5037	7910	1	73967	1	304755	1	1	1	1
2	1	1	1	1	1	568	1	1	1	1	1	532	1	1	1489	1	1	355	1	1	1064	1609	87	2401	47	4122	96	5768	9646	1	76517	1	297676	1	1	1	1
2	1	1	1	85	1	430	188	1	1	1	101	106	795	209	316	1	44	23	456	1	1153	1446	187	1747	841	3761	667	6890	8812	1	71285	7184	295248	1	1	1	1
14	1	1	1	144	1	771	325	1	1	1	131	163	934	294	365	1	76	33	534	1	1297	1516	350	1608	951	3832	793	6809	8954	3	76582	9509	285991	1	1	1	1
6	1	2	1	86	1	377	186	1	1	1	148	142	1003	227	278	1	60	21	457	1	1383	1381	478	1730	865	4005	892	7092	9643	1	74484	8773	288258	1	1	1	1
8	1	1	1	108	1	518	209	1	1	1	180	152	957	280	274	2	54	26	500	1	1439	435	1672	1434	894	4397	680	6322	5995	5083	22899	44	45598	26813	275006	1	1
11	1	2	1	100	1	412	178	1	1	1	158	143	911	274	295	1	75	32	463	3	1397	430	1969	1129	911	4118	720	6262	5682	4733	22570	33	44893	26241	277833	1	1
12	2	1	2	164	1	584	243	1	1	1	141	144	1025	264	330	4	72	34	447	8	1389	433	2530	710	926	4084	669	6324	5844	4774	22217	42	43507	28715	276338	1	1
29	4	1	1	154	1	615	203	4	1	1	189	202	1036	357	352	1	99	49	560	9	1538	562	3086	288	1033	4333	739	6643	5947	5046	23391	41	48464	27353	269650	1	1
16	1	4	1	121	3	431	166	1	1	1	156	157	891	326	301	3	61	39	500	13	1338	474	2901	161	931	4260	650	6337	6098	4468	22719	46	45411	28661	274333	1	1
19	1	1	1	149	3	441	202	1	1	2	23	221	900	292	290	6	83	33	243	309	1401	495	2977	139	921	2174	2982	4767	6295	5008	3948	14399	12762	36803	28823	86463	188402
20	3	1	1	127	11	488	191	4	1	2	33	222	929	274	311	6	73	44	213	369	1433	468	3043	138	920	2182	2910	4912	6067	5263	4125	14598	12904	36920	28526	86103	188145
25	1	3	4	153	6	505	222	7	3	6	32	267	934	308	358	8	117	44	275	408	1586	496	3250	151	1083	2317	3216	5184	6680	5774	4438	15232	13537	38891	28936	86669	180853
42	2	7	6	198	18	578	213	7	2	6	51	299	989	314	308	11	113	57	312	420	1620	521	3216	161	1066	2386	3195	4993	6649	5396	4488	15101	13265	38609	29477	85691	182192
50	1	6	3	180	12	538	207	7	4	5	58	261	971	313	318	12	123	61	238	424	1540	561	3193	160	1037	2347	3034	4987	6604	5565	4642	15039	13447	38738	29255	88809	179229
54	1	11	12	190	37	569	238	11	6	6	78	252	119	1277	340	14	152	55	282	483	1506	538	3177	205	1125	2545	3179	5109	4246	8203	4782	12506	13974	31127	33577	90182	181811
82	3	13	16	208	50	572	236	18	6	14	103	314	153	1221	394	36	185	75	353	585	1653	617	3386	197	1188	2756	3327	5199	4556	8355	5261	13372	14352	33274	35132	90645	174072
109	6	11	17	210	57	552	210	10	10	13	128	343	141	1128	370	26	224	84	363	589	1529	618	2986	224	1109	2763	3336	4694	4446	7984	5257	12835	13769	33052	35163	89679	177934
142	5	18	17	234	79	567	219	14	8	22	120	348	212	1113	421	34	202	91	401	708	1534	655	3036	239	1196	2954	3484	4793	4660	7928	5611	12916	13824	33001	34137	89509	177527
217	6	17	24	222	94	552	177	23	15	22	157	348	215	1021	380	27	230	102	375	800	1569	646	3055	239	1150	3061	3429	4675	4791	8099	5802	13032	13864	33768	34851	89399	175525
260	9	35	33	442	205	1025	333	23	16	14	199	465	339	1165	498	40	262	84	460	932	1595	720	3220	270	1289	3239	3619	4870	5022	8317	6195	13209	14193	34292	33293	85331	176466
353	7	32	38	347	176	630	213	28	19	26	232	464	424	1038	448	45	322	122	483	1044	1614	713	3259	305	1334	3405	3685	5201	5160	8520	6648	13163	14358	34759	33574	86517	173273
478	5	41	44	430	263	785	225	36	25	33	294	546	427	919	463	57	305	143	503	1087	1462	727	2969	305	1407	3656	3696	4775	5306	8452	7057	13585	14743	35625	33824	88496	168785
585	8	60	64	502	330	791	194	43	28	34	333	575	509	809	454	50	345	142	527	1210	1511	800	2949	393	1336	3851	3757	4574	5434	8580	7541	13730	14595	36464	33703	90318	164850
723	17	68	72	491	362	726	162	60	36	48	361	651	533	705	451	78	348	158	540	1360	1509	784	2887	375	1349	4007	3743	4514	5813	8530	8063	13826	14726	37710	33137	92232	160824
845	24	100	101	600	508	861	156	47	44	62	393	731	659	602	473	97	471	198	602	1572	1393	866	2907	456	1459	4366	4012	4431	6102	8682	8423	14077	15013	39211	32994	93652	154789
993	25	99	120	705	643	847	129	81	65	75	453	810	701	526	507	131	419	212	676	1729	1587	938	2795	500	1535	4762	4027	4310	6178	8695	9023	14108	15163	39857	32906	94530	151119
1140	19	114	126	645	683	652	62	92	63	80	523	925	629	511	526	131	470	266	740	1808	1593	945	2783	569	1561	5160	4223	4227	6612	8791	9735	14271	15439	40966	32021	95922	146956
1268	18	106	109	654	729	532	28	73	78	94	492	877	541	405	464	118	408	251	649	1716	1571	915	2263	554	1388	4905	3790	3577	6448	8089	10298	12792	15329	38381	34374	95935	151760
1434	20	95	122	690	914	426	30	77	77	95	540	962	409	435	432	131	455	240	627	1694	1595	931	2253	597	1346	5177	3786	3397	6511	7797	10881	12523	14800	38395	31580	94777	155728
1603	14	98	146	722	1056	351	39	77	94	110	615	992	356	418	469	119	478	268	719	1791	1725	984	2050	618	1466	5226	3949	3296	6844	7841	11670	12541	14739	38788	29160	92715	157832
1794	20	117	156	698	1095	214	35	110	113	109	630	1078	234	463	495	144	526	270	715	1787	1750	1034	2040	655	1533	5554	4092	3071	7118	7859	12411	12481	15217	39447	28353	92034	156527
2004	28	132	202	802	1251	146	35	107	110	125	703	1048	177	479	499	169	481	300	727	1857	1827	1078	1955	753	1544	5430	4176	2991	7461	7937	13497	12563	15500	39801	27889	91951	154244
2220	29	122	211	754	1339	94	50	132	132	139	788	1032	125	518	516	197	577	329	791	1914	1872	1171	2005	820	1599	5671	4318	2961	7822	8218	14589	12345	15728	40388	27634	92107	150722
2391	32	163	223	829	1376	50	44	132	138	143	852	981	103	521	550	217	606	395	835	1959	1886	1252	1975	913	1633	5987	4451	3039	8206	8170	15580	12154	16119	40493	27817	92252	147512
2628	36	177	271	795	1404	34	65	148	150	168	879	960	127	499	521	224	560	412	975	1964	1809	1304	1914	946	1693	5963	4583	3022	8625	8158	16290	12166	16300	39660	29795	92456	144298
2848	47	191	263	816	1422	24	53	140	163	196	981	861	102	515	579	264	530	511	1008	2136	1662	1363	1953	1063	1785	5993	4641	3183	8953	8347	17396	12023	16770	39756	29422	92560	141459
3091	49	198	307	796	1388	17	76	159	193	187	1031	882	121	557	562	283	619	494	1090	2134	1699	1466	2016	1162	1927	5940	4825	3273	9676	8392	18188	12032	16843	40519	29798	92213	137776
3296	37	184	268	706	1218	36	54	157	208	196	1025	704	122	477	496	278	557	513	1065	2056	1572	1350	1883	1190	1759	5835	4577	3134	9472	7905	19439	11109	17052	37830	32057	89480	142682
3529	31	173	310	715	1255	32	57	195	224	194	1076	626	122	524	485	283	632	571	1083	2023	1468	1429	1843	1294	1687	5705	4594	3138	9699	7730	20193	11114	16869	36764	30645	87615	146052
3804	60	201	364	794	1274	30	72	193	252	250	1116	511	119	543	510	336	638	550	1198	2067	1332	1480	1897	1301	1810	5594	4601	3327	9952	7959	20874	11399	17096	36145	29535	86396	146399
4087	66	214	389	759	1197	37	79	203	256	255	1129	402	156	468	563	574	446	592	1473	2161	1291	1557	1919	1409	1797	5478	4869	3415	10308	8080	21799	11547	17191	36084	28885	85179	145665
4365	59	234	436	875	1345	35	73	220	311	261	1231	318	149	536	525	658	425	622	1620	2154	1277	1638	2038	1547	1926	5546	5054	3516	10650	8252	22564	12053	17548	35889	28970	84645	142414
4656	71	219	433	773	1154	39	100	217	313	338	1263	258	160	509	559	673	465	698	1668	2190	1151	1864	1945	1780	2042	5581	5221	3639	11128	8473	23308	12380	18046	35914	29289	83603	139859
4971	71	265	497	805	1173	38	96	212	367	355	1137	196	169	545	500	766	462	738	1773	2144	1032	1840	1961	1893	1998	5441	5495	3792	11539	8894	24237	12816	18543	35522	29593	83487	136616
5260	66	250	579	865	1102	50	107	255	403	328	1098	169	156	556	549	799	474	749	1559	2266	906	1892	2121	1948	2108	5300	5453	4061	11706	9432	24821	13320	19096	31982	33756	82362	134075
5600	79	254	518	879	1051	58	121	268	464	367	1088	130	183	565	550	895	499	845	1742	2286	760	2051	2313	2124	2182	5244	5760	4143	11899	9776	25709	13827	19550	32101	34039	81832	130227
5930	86	279	588	895	1059	60	125	257	471	411	985	131	201	587	559	947	424	935	1850	2330	735	2122	2220	2363	2333	5094	5842	4381	12083	10497	26858	14212	20206	32162	34280	80863	126618
6254	103	309	646	919	1032	57	132	299	513	421	971	145	218	608	558	1004	470	960	1993	2431	634	2193	2435	2488	2472	5119	6168	4539	11973	10915	27823	14882	20585	32275	34777	79887	122771
6555	117	276	685	951	866	67	145	302	562	421	974	112	230	620	564	1077	451	1009	2008	2365	639	2381	2366	2648	2463	5038	6168	4583	12481	11625	28921	15409	20971	31704	35638	78747	119840
6871	114	273	653	944	791	68	136	312	605	447	818	122	200	672	596	1162	489	1090	2055	2271	584	2425	2381	2863	2632	4859	6390	4858	12561	12122	30483	15700	21450	31770	35733	77810	116669
7214	132	315	742	1089	828	77	163	292	639	503	765	109	245	684	564	1140	535	1134	2152	1531	1136	2455	2347	3034	2813	4649	6829	5203	12630	13109	31593	16591	20956	32628	36016	76452	112685
7571	136	329	804	1162	767	86	158	320	685	574	712	100	241	727	591	1202	585	1196	2270	1530	1254	2627	2433	3297	2851	4628	6988	5273	12861	13975	32992	17208	21469	32408	36792	74719	108458
7908	140	327	796	1158	664	92	170	291	725	567	662	88	275	802	530	1287	615	1341	2356	1502	1262	2726	2384	3479	2961	4602	7478	5525	13037	14637	34284	18050	22263	32048	36929	73333	104685
8199	176	378	989	1414	707	99	179	337	789	606	613	121	306	930	579	1312	600	1358	2493	1465	1247	2887	2378	3577	3134	4617	7584	5657	12953	15549	35388	18953	23378	32164	37259	71553	100051
8529	156	323	841	1215	489	122	230	341	889	532	567	106	291	890	571	1235	536	1844	2084	1145	1196	3851	2479	3988	3240	4539	7826	6053	13433	16460	36882	19696	24012	31452	37736	70074	96126
8847	156	354	893	1292	435	130	214	333	866	491	550	101	296	965	582	1236	521	1875	2061	1110	1237	4025	2435	4065	3465	4574	8231	6428	13679	17571	38404	20791	24759	31201	38263	67800	91743
9190	189	317	875	1265	321	122	230	330	880	441	505	112	314	968	558	1253	543	1972	2084	965	1306	4092	2522	4091	3553	4499	8518	6587	13724	18406	40394	21525	25530	31152	39355	65563	87728
9517	209	406	1296	1851	382	143	250	362	922	478	496	102	343	1134	636	1357	547	2143	2044	886	1363	4330	2540	4142	3890	4583	8683	6739	13710	19486	42122	22546	26500	30380	39283	63318	82860
9871	213	341	1061	1552	253	157	291	387	1046	489	460	94	312	1144	560	1523	614	2249	2013	917	1388	4503	2516	4538	4006	4726	9086	7196	14109	20374	44115	23516	27111	29762	39900	60893	78693
10188	208	354	1054	1509	207	189	266	373	984	442	438	114	333	1150	505	1481	573	2312	2039	836	1475	4728	2550	4583	4043	4780	9408	7447	14387	21416	46543	24331	27983	29328	40349	58505	74568
10536	223	361	1096	1528	148	177	263	336	997	405	410	148	363	1061	686	1600	593	1955	2376	844	1494	4603	1796	4377	5151	4934	9513	7624	14657	22524	49020	25865	29086	28907	40610	55774	69938
10849	233	307	1068	1474	104	176	288	348	969	381	407	138	373	1028	666	1599	619	2107	2292	843	1632	4975	1828	4544	5388	4923	9705	8015	14883	23737	51469	26975	29679	28114	41395	53537	64911
11199	232	298	1091	1469	67	178	294	337	952	348	421	149	428	1014	690	1638	667	2173	2298	824	1627	5002	1695	4358	5568	5103	10118	8424	15179	24932	54174	28042	30625	27335	41733	50703	60594
11577	221	306	1153	1454	37	206	281	343	940	323	423	148	376	1110	660	1686	627	2220	2202	823	1686	5390	1825	4275	5784	5330	10677	8574	15407	25974	56979	29467	31596	26333	41801	47725	56040
11978	236	291	1106	1357	22	243	306	363	966	283	433	154	374	1156	683	1672	666	2223	2124	789	1770	5436	1809	4252	6030	5407	10708	9159	16005	27483	60044	30825	32579	24810	41901	44613	51723
12357	300	283	1284	1554	15	213	299	332	962	290	448	128	410	1255	723	1810	656	1803	1645	1854	1838	5452	1905	4100	6547	5444	10947	9329	16436	28343	62971	32006	33609	23823	42417	41355	46836
12722	312	287	1407	1600	22	256	312	358	1028	247	483	143	425	1294	668	1901	724	1815	1591	1890	1986	5726	1840	4131	6797	5915	11144	9801	16874	29702	65990	32864	34148	22809	42112	38411	42244
13190	302	284	1378	1387	14	284	337	342	1016	239	492	130	451	1314	672	2001	732	1886	1543	2021	2115	5783	1855	4077	7167	6000	11335	9929	17102	31153	69575	34097	35314	21423	41989	34799	38251
13590	294	287	1413	1330	9	270	433	348	953	226	509	167	497	1374	762	2008	739	1795	1505	2003	2133	6022	1925	3798	7401	6495	11503	10309	17722	32792	72815	35366	35978	20258	41485	31425	34040
13975	273	248	1446	1206	8	304	395	387	936	259	543	166	484	1423	691	2138	687	1794	1411	2092	2277	6224	1874	3650	7683	6625	12093	10622	18386	34441	76394	36413	36554	18905	40872	28336	29764
14382	326	288	1476	1161	4	329	363	331	910	216	525	150	495	1508	749	2177	737	1813	1436	2103	2396	5023	3222	3538	8111	6951	12128	10942	18838	35940	79768	37804	37401	17422	40157	25176	25683
14792	272	229	1464	1213	3	577	671	474	1601	177	872	102	752	1483	1154	4326	1385	3102	2810	4296	4173	10517	6005	9164	16512	17869	27857	26826	26351	62970	42741	36468	17367	14348	30660	8047	2349
14981	314	192	1384	1011	3	407	463	369	986	133	684	119	553	1367	785	3023	827	2106	1790	2960	2995	6773	4559	4791	11721	11378	19457	19882	28472	64343	57779	41890	21484	14821	43272	11698	2207
15212	298	235	1559	1023	3	369	394	348	830	126	575	143	501	1324	728	2570	745	1589	1544	2443	2625	5558	3633	3371	9714	8532	14315	14356	24318	50578	80806	42256	32873	13174	40322	17021	5968
15525	278	176	1272	787	3	339	404	329	680	120	577	129	497	1296	684	2344	730	1454	1402	2209	2566	5050	3492	2771	8944	7639	12957	12419	21787	44222	95419	42684	38224	11632	36214	14730	9994
15862	275	164	1338	739	3	352	373	297	597	109	526	138	499	1374	641	2213	665	1265	1377	2221	2509	4721	3475	2417	8630	7287	12129	11770	21331	42934	104148	43540	40532	9874	33631	11518	10505
16236	261	146	1255	595	4	345	387	322	547	130	513	123	487	1410	634	2275	651	1132	1331	2331	2671	4610	3355	2141	8551	7202	12073	11665	21233	43815	110360	44487	40508	8676	31327	9205	8985
16625	286	146	1255	609	2	314	322	326	491	118	543	129	535	1423	651	2217	600	970	1398	2246	2849	4498	3505	2090	8777	7127	11977	11748	21484	44603	115819	45116	40564	7514	28627	7260	7215
17043	274	153	1452	626	3	350	338	280	446	95	559	136	442	1431	644	2315	635	982	1320	2335	2865	4465	3677	1920	9037	7089	12381	12031	22289	46114	120523	45139	39656	6375	25555	5552	5452
17519	300	144	1439	523	5	399	369	364	458	96	550	141	523	1391	737	2283	585	858	1474	2399	2960	4406	3741	1752	9270	7344	12605	12080	22518	48194	124818	45583	38294	5437	22245	4143	4032
18058	343	145	1635	573	2	368	362	358	415	76	617	142	520	1524	760	2437	551	802	1456	2425	3184	4471	3839	1700	9552	7248	12842	12633	23031	49893	128543	45399	36639	4552	18976	3021	2887
18563	327	118	1502	500	1	431	402	351	430	93	629	152	503	1406	742	2599	580	745	1488	2474	3385	4448	3922	1520	9802	7363	13367	12727	23546	51979	132405	45291	34402	3651	15938	2094	2103
19148	271	113	1531	480	7	478	448	392	388	106	603	150	597	1530	792	2530	533	691	1518	2577	3466	4231	4082	1414	10117	7332	13631	13116	24250	53803	135931	45085	31830	2876	13123	1479	1330
19729	289	115	1430	394	2	504	429	388	347	90	639	152	569	1488	775	2499	540	606	1598	2592	3528	4030	4247	1304	10242	7472	13862	13393	24652	55580	139966	44828	28925	2397	10494	954	930
20380	286	100	1458	344	8	468	386	392	282	74	623	171	533	1542	837	2551	534	558	1488	2648	3736	3893	4439	1246	10424	7517	14055	13785	25219	57917	142923	44012	26037	1759	8128	654	572
21149	313	75	1433	286	7	414	348	334	220	61	635	155	578	1541	852	2549	524	447	1603	2646	3809	3872	4525	1230	10500	7472	14344	14207	25565	59479	146442	42920	23043	1365	6299	393	344
21982	257	69	1304	242	3	408	259	311	199	69	626	157	570	1521	870	2550	480	388	1568	2724	3903	3633	4541	1109	10833	7599	14383	14238	26035	61806	149338	41945	19914	1002	4697	241	205
22965	306	71	1352	237	2	406	260	338	127	67	611	147	577	1502	877	2527	413	358	1608	2790	4171	3536	4701	1048	10932	7565	14859	14653	26104	63243	151588	40384	17259	736	3404	148	107
24065	264	55	1355	231	4	406	254	322	145	60	653	143	527	1519	900	2527	366	317	1625	2824	4214	3239	4759	941	10956	7560	14835	14655	26219	64849	154158	39459	14549	525	2362	79	58
25302	245	58	1354	186	1	422	284	326	128	69	602	144	595	1552	923	2578	305	317	1662	2847	4202	3083	4834	924	11016	7658	15117	15046	26811	65941	155795	37636	11978	357	1599	55	27
26716	248	47	1155	170	1	385	238	118	294	61	592	142	557	1492	1021	2527	255	282	1737	2915	4505	2882	5008	807	11169	7724	15281	15576	26901	67577	157015	35476	9751	237	1068	32	17
28664	237	60	1390	150	1	353	218	90	278	43	617	147	564	1640	946	2432	263	259	1642	2880	4806	2682	5135	775	11342	7790	15574	15740	27143	68614	157232	33554	7813	170	706	18	11
30567	168	27	989	122	4	379	237	87	240	40	525	170	562	1492	980	2329	225	238	1717	3000	4815	2468	5289	764	11414	7929	15961	16038	27301	70652	156523	31923	6251	104	429	13	7
32879	101	22	650	66	2	216	123	40	188	24	509	173	528	1487	974	2264	183	213	1642	2952	4838	2240	5269	715	11646	7907	16179	16468	27597	71443	157195	29872	5050	51	260	11	2
35903	17	3	282	28	1	112	53	16	75	7	508	167	437	1467	898	1930	116	195	1614	2827	4704	2027	5208	643	11385	7885	16299	16483	27948	72049	158048	28416	4039	38	144	8	1
38975	1	1	1	1	1	1	1	1	10	1	437	130	418	1389	891	1883	101	156	1484	2762	4547	1743	5082	594	11261	8043	16036	16705	27817	73163	158132	26911	3194	24	83	3	4
45213	1	1	1	1	1	1	1	1	1	1	1353	408	1215	3719	2474	4650	269	320	3087	5184	10308	3631	8655	949	19985	11579	24911	24417	26057	81913	104116	15834	1680	7	41	4	1
