7
)	-	7	<	A	F	J
150
7
)	-	7	<	A	F	J
1	1030	1031	3003	109099	109100	109101
109101
1	1029	1	1972	106096	1	1
1	1104	1	2012	105977	4	1
1	1028	1	1980	14433	91656	1
1	946	111	1770	5973	100297	1
1	777	246	1318	3924	102832	1
1	692	215	1169	2890	8600	95531
1	615	233	1076	2557	7161	97455
1	554	216	971	2459	6467	98430
1	500	194	904	2374	6328	98797
1	508	240	937	2271	6045	99096
1	514	201	924	2354	5983	99121
1	464	229	948	2207	5945	99304
1	573	261	939	2273	5909	99142
1	549	294	922	2292	6005	99035
1	517	352	868	2230	6246	98884
1	538	423	840	2338	6024	98934
1	512	523	798	2171	6183	98910
1	507	540	811	2240	6127	98872
1	541	561	787	2219	6000	98989
1	532	584	785	2204	6052	98940
1	482	570	823	2178	6053	98991
1	531	533	797	2109	5824	99303
1	522	573	858	2108	6019	99017
1	540	613	942	2016	6161	98825
1	568	620	1018	1948	6274	98669
1	748	630	1167	1861	5958	98733
1	746	662	1146	1751	6083	98709
1	800	663	1274	1804	6238	98318
1	769	650	1263	1716	6348	98351
1	801	666	1313	1822	6340	98155
1	824	640	1336	1790	6274	98233
1	840	715	1258	1763	6277	98244
1	827	668	1291	1738	6372	98201
1	880	637	1313	1746	6397	98124
1	880	723	1304	1735	6463	97992
1	918	653	1326	1798	6421	97981
1	839	703	1373	1767	6324	98091
1	882	672	1279	1809	6638	97817
1	873	741	1272	1761	6621	97829
1	941	653	1345	1715	6607	97836
1	943	717	1375	1863	6599	97600
1	884	735	1375	1811	6544	97748
1	951	680	1357	1773	6676	97660
1	1220	748	1418	1867	6842	97002
1	953	794	1583	1808	6661	97298
1	893	758	1310	1871	6575	97690
1	913	733	1343	1849	6518	97741
1	905	748	1313	1856	6636	97639
1	993	770	1420	1791	6743	97380
1	972	740	1392	1870	6661	97462
1	961	749	1406	1883	6699	97399
1	1039	700	1357	1814	6723	97464
1	1054	776	1386	1837	6800	97244
1	1045	737	1398	1868	6830	97219
1	979	806	1390	1935	6877	97110
1	1048	786	1392	1951	6887	97033
1	1001	775	1488	1914	6972	96947
1	1040	773	1370	1993	6860	97061
1	1068	817	1412	1903	6928	96969
1	1054	800	1444	2039	6863	96897
1	1147	817	1477	2067	6900	96689
1	1180	805	1462	2086	6830	96734
1	1100	821	1458	2118	6974	96626
1	1144	819	1429	2153	6814	96738
1	1158	817	1464	2209	6932	96517
1	1188	835	1513	2246	6968	96347
1	1158	783	1568	2234	7047	96307
1	1158	842	1598	2263	6972	96264
1	1219	846	1589	2195	7008	96240
1	1186	867	1509	2165	6957	96413
1	1284	859	1619	2207	7124	96004
1	1183	865	1588	2307	7083	96071
1	1298	852	1613	2186	7180	95968
1	1202	867	1623	2275	7236	95894
1	1204	870	1556	2343	7121	96003
1	1283	1239	2306	4765	13447	86057
1	1402	1054	1901	3479	9224	92037
1	1269	956	1752	2986	7738	94396
1	1344	891	1693	2808	7253	95108
1	1346	947	1640	2617	7118	95429
1	1226	932	1714	2701	6895	95629
1	1372	890	1548	2644	6943	95700
1	1339	946	1653	2736	6885	95538
1	1306	949	1646	2695	7053	95448
1	1292	1021	1552	2684	7032	95516
1	1418	1058	1527	2753	7124	95217
1	1317	1148	1528	2773	7066	95265
1	1439	1151	1369	2741	7440	94957
1	1501	1195	1375	2698	7618	94710
1	1533	1245	1516	2846	7586	94371
1	1506	1393	1465	2848	7732	94153
1	1488	1318	1513	2850	7620	94308
1	1452	1361	1422	2850	7611	94401
1	1603	1320	1489	2882	7534	94269
1	1516	1375	1537	2829	7681	94159
1	1485	1459	1483	2951	7812	93907
1	1446	1354	1472	2866	7897	94062
1	1600	1333	1414	2946	7804	94000
1	1562	1455	1443	2954	7775	93908
1	1528	1378	1472	2879	8014	93826
1	1723	1364	1565	2909	7987	93549
1	1664	1469	1569	2964	8220	93211
1	1697	1475	1439	3107	8258	93121
1	1736	1490	1559	3102	8311	92899
1	1813	1526	1680	3126	8259	92693
1	1873	1557	1569	3314	8470	92314
1	1925	1538	1621	3374	8472	92167
1	1829	1600	1640	3559	8473	91996
1	1964	1552	1616	3553	8657	91755
1	1915	1611	1688	3661	8612	91610
1	2055	1552	1710	3750	8554	91476
1	1979	1681	1691	3742	8643	91361
1	2064	1611	1779	3793	8732	91118
1	2048	1704	1739	3832	8986	90788
1	1995	1637	1804	3967	8959	90735
1	2038	1657	1840	3979	8978	90605
1	2055	1739	1876	3832	9074	90521
1	2118	1626	1882	4068	9287	90116
1	2236	1673	1876	3892	9303	90117
1	2236	1786	1911	3874	9375	89915
1	2177	1843	2002	3976	9749	89350
1	2237	1849	1908	4195	10282	88626
1	2301	1892	2046	4168	10599	88091
1	2420	1946	1921	4109	10780	87921
1	2332	2019	1980	4277	11294	87195
1	2439	2092	2147	4185	11609	86625
1	2401	1995	2105	4314	12010	86272
1	2453	2055	2056	4264	12410	85859
1	2353	2090	2072	4155	12688	85739
1	2418	2091	2242	4213	12737	85396
1	2526	2067	2284	4103	13143	84974
1	2566	2124	2423	4054	13144	84786
1	2711	2066	2361	4030	13641	84288
1	2775	2093	2481	4111	13945	83692
1	2830	2191	2608	4103	14369	82996
6	2929	2052	2646	4044	14638	82782
1	3178	2038	2626	4151	14940	82164
11	3108	2045	2595	4224	15463	81651
9	3323	1934	2704	4371	15474	81282
63	3352	1943	2560	4628	15035	81516
101	3329	2064	2567	4883	15266	80887
123	3458	2140	2583	5139	15570	80084
150	3610	2101	2739	5409	15739	79349
215	3577	2082	2699	5778	15681	79065
275	3509	2125	2705	6056	15584	78843
309	3513	2261	2652	6448	15258	78656
334	3549	2272	2612	6606	15226	78498
379	3454	2385	2798	7170	14999	77912
443	3708	2234	3082	7281	14782	77567
483	3680	2497	3108	7760	14773	76796
